0.121269
0.759709
6.82378
7.02045
7.02045
7.09482
7.76036
173.485
173.914
182.375
193.076
219.253
223.685
224.551
308.31
587.624
843.367
1809.65
2013.42
3544.89
3822.6
3822.6
4002.56
4340.21
39250.5
40363.4
40629.9
40751
40751
40751
40751
48469.5
49889.1
52578.2
63766.6
63766.6
64386.7
64991.6
64991.6
65390.5
65390.5
103622
103622
364259
444600
456021
476779
499479
499479
818038
833955
1.18046e+006
1.27051e+006
1.58837e+006
1.82869e+006
1.82869e+006
2.74394e+006
2.88451e+006
3.00569e+006
3.67937e+006
3.82114e+006
4.40464e+006
4.7524e+006
4.88746e+006
4.88746e+006
5.78991e+006
6.7597e+006
6.7597e+006
9.14619e+006
9.14619e+006
1.09862e+007
1.18997e+007
1.27467e+007
1.48958e+007
1.57498e+007
1.63896e+007
1.63896e+007
1.65071e+007
2.4645e+007
2.47721e+007
2.49517e+007
2.51824e+007
2.66217e+007
2.66585e+007
2.66752e+007
2.66891e+007
2.96081e+007
3.50754e+007
3.50754e+007
3.78986e+007
3.78986e+007
3.78986e+007
4.11135e+007
4.11135e+007
7.12529e+007
7.51012e+007
7.79885e+007
8.48912e+007
8.66181e+007
8.89624e+007
9.00195e+007
9.19208e+007
1.00185e+008
1.07732e+008
1.15189e+008
1.15315e+008
2.95177e+008
3.01691e+008
3.01691e+008
3.01691e+008
3.02226e+008
3.15275e+008
3.15275e+008
3.15477e+008
3.15477e+008
3.44636e+008
7.69922e+008
9.56041e+008
1.0187e+009
1.42576e+009
4.27692e+009
10.6627
-6.4077
