-1280.585547
-827.573633
-2856.843750
-3787.190234
-5647.337891
-7064.816406
-9037.996875
-18453.231250
-26525.256250
-25838.029687
-21256.887500
-21077.065625
-26928.300000
-14343.162500
-24866.760937
-26768.206250
-35886.903125
-54273.243750
-42937.718750
-35682.859375
-33447.709375
-9229.333594
-36857.056250
-9254.782031
-33797.028125
-45723.390625
-39070.415625
-46474.525000
-42871.100000
-6724.778906
-7714.742969
-38471.428125
-41271.825000
-16610.165625
-14472.721875
-4104.003125
-11953.701563
-4022.257031
-14538.112500
-46959.821875
-7601.821094
-51662.912500
-55376.393750
-22064.898438
-70655.350000
-115207.187500
-66599.381250
-69722.375000
-67150.537500
-75436.275000
-109797.350000
-6753.924219
-19773.046875
-72788.862500
-67652.337500
-15039.531250
-63216.450000
-60522.393750
-58666.743750
-64003.700000
-31521.196875
-57942.062500
-29312.515625
-64918.987500
-10974.338281
-56915.318750
-17807.670312
-67975.225000
-15879.543750
-67013.768750
-75593.256250
-76317.787500
-12755.632031
-83651.650000
-71742.218750
-81918.506250
-82532.531250
-130609.625000
-28690.815625
-15671.356250
-135815.000000
-140797.362500
-142145.087500
-140430.462500
-124599.437500
-133012.062500
-134003.325000
-114161.000000
-24854.696875
-123364.387500
-145251.175000
-143566.912500
-132346.087500
-130892.787500
-30536.678125
-16705.953125
-18906.790625
-6299.592578
-11969.312500
-9671.481250
-12881.165625
-10764.330469
-9081.031250
-2307.035547
-28434.018750
-18414.967187
-145093.050000
-147099.187500
-43118.787500
-158516.125000
-43972.965625
-165926.575000
-110724.612500
-138422.100000
-92482.225000
-101765.550000
-88005.900000
-91186.206250
-26618.290625
-96383.656250
-17255.007813
-98214.425000
-98527.162500
-109831.125000
-98641.512500
-17476.098438
-112501.537500
-143525.275000
-24809.714062
-157348.800000
-152758.625000
-158224.337500
-114787.687500
-21080.142188
-106461.325000
-32042.400000
-95552.575000
-116334.700000
-110187.787500
-108477.312500
-23217.409375
-104075.600000
-32502.390625
-103742.568750
-19502.728125
-103799.631250
-108484.050000
-49592.237500
-100570.762500
-40556.434375
-96217.918750
-108327.437500
-110754.337500
-113369.950000
-98017.900000
-17026.629688
-68894.000000
-139621.025000
-62441.381250
-18710.910938
-53600.706250
-53360.756250
-9624.172656
-57479.456250
-56749.631250
-18167.795312
-58173.631250
-22661.468750
-47072.696875
-12437.135937
-65411.068750
-134262.725000
-63418.187500
-124860.100000
-75962.518750
-130323.062500
-136610.137500
-137903.462500
-133674.025000
-135108.350000
-20885.278125
-38021.859375
-120367.462500
-31078.850000
-148320.625000
-152856.912500
-149550.525000
-165281.762500
-86321.256250
-144824.700000
-85428.550000
-149143.075000
-94738.475000
-153747.437500
-39603.331250
-158431.250000
-14032.884375
-23407.048438
-96404.037500
-31676.862500
-170609.675000
-37154.434375
-27871.440625
-37201.500000
-32724.525000
-21968.765625
-28560.718750
-21150.437500
-30628.106250
-37437.625000
-52613.631250
-39734.475000
-13395.934375
-7441.604688
-20315.243750
-26352.731250
-25430.646875
-25951.021875
-9694.999219
-13988.976563
-4801.289063
-13606.314063
-12272.270313
-13576.771875
-7376.884375
-8210.566406
-6308.486719
-891.669043
-7321.367969
-3954.496484
-18247.860938
-16167.556250
-11156.521094
-9618.078906
-3262.991602
-10699.297656
-12754.960156
-16297.037500
-12928.410938
-14891.839062
-14133.928125
-5330.317187
-4570.510156
-19890.040625
-17250.346875
-17442.590625
-17709.846875
-39549.981250
-9141.704687
-15922.923438
-8318.976563
-14794.762500
-16006.217188
-12607.191406
-13623.439063
-13954.740625
-12244.976563
-18841.925000
-17677.848438
-21264.039063
-12281.280469
-24325.315625
-55444.262500
-33202.512500
-40813.900000
-70669.187500
-25044.820313
-75217.612500
-35631.456250
-89032.637500
-92650.193750
-22720.014062
-25073.156250
-35121.362500
-36923.559375
-111362.475000
-113771.012500
-103883.737500
-33087.456250
-109197.862500
-104709.987500
-21156.315625
-34432.175000
-96761.506250
-94456.512500
-111715.675000
-101038.406250
-99839.068750
-109367.012500
-114177.425000
-104602.293750
-119686.712500
-119359.475000
-103897.181250
-16892.218750
-89555.331250
-45156.290625
-15484.962500
-55921.200000
-135053.250000
-148920.025000
-141233.050000
-131059.950000
-29069.315625
-158009.812500
-157730.037500
-159403.287500
-113793.550000
-153044.675000
-111132.500000
-148802.175000
-158372.837500
-93947.612500
-142620.462500
-50292.962500
-18300.725000
-35247.318750
-31854.934375
-11416.102344
-32613.850000
-135280.212500
-45723.646875
-145308.025000
-155836.737500
-144747.312500
-31209.246875
-149749.862500
-157375.850000
-168515.912500
-166304.675000
-34818.187500
-130770.637500
-159330.937500
-136425.950000
-163007.500000
-129617.075000
-26803.881250
-128212.900000
-49835.218750
-127817.150000
-124751.962500
-103321.793750
-28113.856250
-119782.175000
-114170.525000
-158148.875000
-120043.212500
-153294.375000
-60607.431250
-148329.037500
-52298.268750
-56070.356250
-78818.400000
-162973.012500
-28674.209375
-168826.100000
-160891.337500
-23431.073437
-113770.687500
-126537.987500
-107893.937500
-125682.212500
-102689.287500
-126100.062500
-105338.700000
-131453.175000
-114925.225000
-121119.562500
-13085.048438
-21315.460938
-106838.037500
-28778.553125
-97061.900000
-117420.737500
-105272.112500
-113265.662500
-115713.537500
-106851.650000
-118370.562500
-113708.037500
-45774.171875
-108421.937500
-50131.059375
-105922.000000
-54681.350000
-9968.314844
-50984.156250
-5651.209375
-47740.862500
-47750.684375
-44932.681250
-47708.184375
-8420.484375
-47145.593750
-47961.503125
-47887.134375
-61905.531250
-51434.959375
-62710.506250
-55141.575000
-57247.831250
-56231.200000
-122053.000000
-121903.887500
-132915.400000
-149627.862500
-34642.209375
-152102.425000
-93481.206250
-147088.987500
-151221.600000
-151152.262500
-137617.350000
-50726.615625
-72022.893750
-34617.081250
-71212.000000
-41426.734375
-69806.662500
-12479.871094
-84167.456250
-55182.425000
-9943.018750
-19958.040625
-49326.900000
-9969.498438
-60118.775000
-62297.843750
-55934.937500
-61551.293750
-59075.325000
-21288.401562
-72016.056250
-121079.575000
-71538.743750
-112579.712500
-78690.725000
-116281.250000
-106026.425000
-18499.285938
-24719.087500
-115738.425000
-124263.287500
-47768.462500
-106698.637500
-41007.928125
-5464.101172
-31886.906250
-29575.056250
-4621.861328
-18164.117188
-36719.996875
-21366.750000
-11009.424219
-22694.087500
-62876.587500
-115005.500000
-18239.701562
-97970.112500
-115004.737500
-41879.675000
-109714.337500
-32908.490625
-97892.568750
-43084.046875
-96333.937500
-42153.593750
-111728.662500
-148670.737500
-45927.896875
-9948.889063
-47135.568750
-32879.884375
-49306.787500
-34641.346875
-7522.603906
-32787.800000
-8899.313281
-23746.762500
-21136.032813
-24875.420312
-38307.075000
-6007.968750
-38120.703125
-31724.378125
-36549.740625
-40585.528125
-45154.737500
-38927.696875
-41581.065625
-45487.950000
-62609.856250
-45752.562500
-44106.262500
-46290.034375
-40250.528125
-48536.121875
-40205.806250
-9329.945313
-43519.434375
-46551.415625
-50658.450000
-131717.525000
-38355.903125
-32847.290625
-129385.675000
-143451.887500
-150767.100000
-159194.337500
-130584.075000
-17657.156250
-30626.378125
-122371.625000
-38379.709375
-141720.700000
-138699.725000
-71035.718750
-134098.850000
-80726.381250
-78283.275000
-107574.125000
-87248.956250
-124818.875000
-83689.718750
-123148.550000
-84438.112500
-120007.362500
-124001.800000
-118109.562500
-119430.850000
-129823.775000
-123372.850000
-29659.609375
-120948.850000
-122688.962500
-106923.537500
-102813.193750
-22347.928125
-121114.450000
-111189.500000
-117744.475000
-126724.437500
-108092.312500
-21343.932812
-116370.925000
-116774.912500
-126930.537500
-110530.775000
-130090.500000
-114692.837500
-116169.337500
-115036.575000
-26553.412500
-108525.937500
-27335.003125
-38577.303125
-114916.425000
-115530.200000
-116075.087500
-142084.462500
-23767.006250
-147894.012500
-10967.896875
-61003.475000
-151120.525000
-159060.250000
-157806.975000
-157784.500000
-145440.287500
-23174.479687
-27114.796875
-134524.587500
-33198.375000
-159554.612500
-171560.187500
-157489.825000
-26783.912500
-161304.212500
-165693.962500
-149385.462500
-31964.259375
-138528.000000
-147334.537500
-140935.012500
-30495.628125
-136119.850000
-29182.650000
-117782.750000
-161885.300000
-148417.800000
-25153.137500
-156981.687500
-12179.520313
-107548.800000
-20272.240625
-108329.712500
-13111.750000
-121748.187500
-20500.859375
-128989.787500
-120631.100000
-78176.156250
-17268.814063
-56295.843750
-19102.806250
-55499.200000
-58529.025000
-53732.275000
-58548.625000
-26081.162500
-90610.281250
-40841.506250
-146627.687500
-42027.325000
-144154.250000
-140063.725000
-139209.725000
-44295.746875
-15132.292187
-51590.406250
-129463.737500
-62594.631250
-126333.112500
-137657.887500
-144500.400000
-26514.581250
-140845.325000
-56610.025000
-16844.282813
-155692.612500
-55020.325000
-163084.987500
-162995.112500
-164175.587500
-167527.062500
-27665.578125
-155165.112500
-22130.946875
-14040.726563
-32178.025000
-18257.414063
-35013.459375
-18835.635937
-26315.984375
-31264.881250
-17823.737500
-23012.901562
-24339.807812
-33433.928125
-23048.873437
-15969.350000
-34731.953125
-15204.076563
-15776.771875
-52931.518750
-43906.312500
-17539.520313
-33043.375000
-31301.031250
-51706.571875
-40255.778125
-57463.275000
-50891.340625
-50469.040625
-75324.768750
-69146.325000
-46020.528125
-60650.537500
-41350.712500
-75891.681250
-17825.528125
-13380.650000
-51018.556250
-42999.481250
-54942.568750
-22693.112500
-88400.243750
-24095.540625
-95460.706250
-23703.003125
-104372.450000
-93084.562500
-23417.017188
-77727.818750
-113376.687500
-81441.237500
-100688.450000
-101508.600000
-144839.725000
-136687.737500
-137143.812500
-140914.675000
-147791.437500
-147683.450000
-153950.350000
-150755.112500
-140469.012500
-114323.825000
-140657.200000
-23883.770313
-178675.700000
-170663.775000
-43896.218750
-159844.300000
-171401.425000
-170122.337500
-157915.787500
-169549.875000
-24539.653125
-131996.100000
-19626.951562
-167546.600000
-163279.900000
-160462.625000
-165453.975000
-159617.537500
-177675.887500
-161669.512500
-177900.587500
-162480.625000
-35371.537500
-151125.850000
-30745.596875
-93123.106250
-94336.093750
-165197.425000
-29318.146875
-173153.087500
-180650.100000
-185383.675000
-153684.000000
-158175.750000
-28300.418750
-26418.018750
-54064.643750
-170848.775000
-69800.368750
-159227.562500
-36027.434375
-152118.237500
-48822.381250
-145858.400000
-163608.000000
-159023.462500
-61059.656250
-145837.250000
-65490.275000
-141260.325000
-59461.825000
-132426.625000
-67638.650000
-141236.512500
-66784.368750
-138649.925000
-173604.962500
-151271.650000
-36989.068750
-137536.912500
-172706.087500
-154224.837500
-178055.625000
-182325.362500
-164880.562500
-164918.187500
-174293.000000
-177539.162500
-173846.550000
-121092.525000
-89930.643750
-19171.309375
-85749.425000
-159848.950000
-20889.475000
-66067.237500
-24517.371875
-64597.843750
-129075.337500
-23113.789063
-30419.921875
-113740.262500
-128969.087500
-133752.162500
-149040.712500
-170962.650000
-147016.725000
-26298.850000
-36991.290625
-18922.909375
-154872.962500
-134921.225000
-152317.275000
-61470.818750
-142668.225000
-63966.431250
-155476.312500
-55880.300000
-30923.012500
-156561.625000
-158508.375000
-160929.687500
-91390.506250
-148108.500000
-39389.018750
-16506.595313
-102173.818750
-23428.031250
-113564.137500
-77236.662500
-129059.337500
-70670.368750
-48717.146875
-58100.925000
-10100.903906
-10148.403125
-59962.618750
-60466.918750
-66317.268750
-61195.287500
-27869.650000
-66422.868750
-85545.618750
-67049.812500
-11393.583594
-74129.862500
-42151.021875
-50629.093750
-37102.334375
-49572.178125
-28926.265625
-54349.525000
-30541.362500
-22124.931250
-49907.381250
-22845.025000
-6782.833594
-112046.325000
-109115.612500
-113823.887500
-139891.825000
-118081.750000
-115773.600000
-104984.962500
-20318.518750
-98898.318750
-64675.768750
-60268.575000
-65739.243750
-67001.900000
-86333.187500
-63795.575000
-18432.564063
-80783.306250
-15671.148438
-78746.518750
-78782.443750
-19934.425000
-80652.393750
-29148.115625
-83139.206250
-25687.740625
-82003.006250
-92155.906250
-89055.550000
-89505.950000
-88685.481250
-96838.756250
-86336.612500
-82576.450000
-89101.181250
-89796.631250
-98911.993750
-148025.175000
-102434.725000
-146297.937500
-31904.459375
-117376.537500
-158133.850000
-125425.250000
-147141.012500
-114022.225000
-26274.384375
-113421.175000
-122665.775000
-125891.750000
-86552.156250
-18455.840625
-56404.281250
-15769.623438
-53016.468750
-64962.187500
-30186.537500
-70875.231250
-61933.331250
-74326.887500
-51099.421875
-14887.609375
-65705.731250
-20125.946875
-68712.350000
-73291.162500
-68627.543750
-74105.412500
-74724.393750
-71384.050000
-61659.206250
-69985.343750
-119134.962500
-122055.225000
-121765.475000
-7188.589844
-21512.600000
-134377.262500
-116774.150000
-147919.650000
-98746.387500
-139192.175000
-85069.681250
-16295.215625
-66872.725000
-13194.453125
-29070.028125
-10019.565625
-75092.231250
-21456.540625
-80692.987500
-89080.750000
-86162.487500
-89410.831250
-77099.875000
-13596.573437
-13714.701563
-10483.796094
-15670.507813
-9131.608594
-18103.720313
-15389.415625
-18898.829688
-25098.262500
-28864.865625
-22592.595313
-16304.831250
-40689.400000
-50760.393750
-29992.825000
-39639.812500
-51075.731250
-44839.987500
-20795.912500
-32631.168750
-26783.812500
-30485.331250
-26030.631250
-24019.621875
-29141.896875
-10822.689063
-16296.942188
-17180.281250
-25359.043750
-45324.959375
-39599.493750
-44857.775000
-31140.378125
-53571.718750
-52571.943750
-41137.234375
-69905.087500
-71415.750000
-67567.012500
-52015.843750
-50936.081250
-12070.124219
-61080.393750
-18041.353125
-21819.851563
-13754.228125
-14886.973438
-29515.368750
-22452.851563
-37499.287500
-30937.993750
-26321.950000
-38051.887500
-36577.321875
-14634.953125
-28992.906250
-30672.756250
-39623.625000
-26721.362500
-31939.603125
-46038.671875
-31873.443750
-25419.945313
-31829.187500
-23288.400000
-18779.621875
-27323.828125
-29894.512500
-35618.637500
-32450.596875
-52133.825000
-46836.075000
-42381.056250
-52571.400000
-56397.093750
-56479.681250
-55107.350000
-51893.290625
-52422.846875
-36817.465625
-16989.982812
-55739.418750
-56270.900000
-17486.492188
-6644.735937
-19079.089062
-56769.168750
-66445.818750
-56101.625000
-72633.893750
-70640.193750
-71122.925000
-63731.650000
-17950.126563
-62492.043750
-59410.643750
-27857.003125
-58346.762500
-20219.148438
-73997.675000
-78677.193750
-52863.087500
-14026.032813
-14646.231250
-9367.660156
-67761.781250
-13577.032813
-17074.640625
-39329.953125
-40589.843750
-15071.006250
-70780.368750
-60864.943750
-53169.012500
-48849.721875
-41264.221875
-40283.450000
-15196.068750
-45947.518750
-43760.768750
-43798.475000
-33266.978125
-45929.287500
-37796.365625
-37153.371875
-7909.322656
-46602.293750
-38910.637500
-80120.850000
-54385.450000
-72724.868750
-48350.862500
-19157.810937
-52110.981250
-10915.042187
-51471.853125
-52801.631250
-48650.387500
-55692.943750
-23552.650000
-45953.881250
-14384.200000
-44307.071875
-47230.706250
-13898.473438
-47318.128125
-13839.225000
-47391.596875
-52852.450000
-50741.431250
-49571.528125
-16336.464062
-40522.225000
-4569.091406
-52061.903125
-27673.818750
-42918.421875
-28546.906250
-53240.556250
-17256.282813
-67309.556250
-15520.503125
-71038.306250
-116424.587500
-80169.068750
-94157.631250
-86220.825000
-24170.487500
-173580.362500
-182783.937500
-173281.187500
-131416.225000
-28302.637500
-151628.600000
-170541.787500
-145171.587500
-180387.087500
-66442.356250
-169985.075000
-189159.600000
-161322.262500
-165370.950000
-130041.650000
-167309.850000
-168209.400000
-37802.425000
-170249.037500
-172698.012500
-115149.037500
-149722.487500
-28392.903125
-19702.548438
-26960.128125
-185019.675000
-166160.300000
-17444.646875
-18008.207813
-23995.356250
-129149.550000
-145558.862500
-136518.500000
-21904.184375
-115929.087500
-127782.937500
-114657.212500
-144857.487500
-21199.592187
-142759.137500
-127675.512500
-62127.337500
-22652.503125
-57010.118750
-52826.018750
-23340.906250
-57458.800000
-58861.256250
-18317.190625
-141093.687500
-22038.717187
-140162.025000
-159139.875000
-161203.837500
-146480.975000
-23614.015625
-134234.562500
-19109.046875
-53873.518750
-62819.443750
-159159.400000
-66325.300000
-152011.275000
-162690.450000
-179208.350000
-174562.275000
-180796.825000
-170994.500000
-167753.750000
-29577.712500
-177334.087500
-179952.137500
-187655.700000
-170992.087500
-68138.612500
-138812.387500
-167828.962500
-159251.775000
-148297.662500
-25252.737500
-144363.950000
-159621.400000
-134392.837500
-133192.337500
-136678.012500
-139157.175000
-131300.362500
-134995.687500
-94437.556250
-85515.406250
-101698.787500
-107202.300000
-23702.359375
-108540.425000
-106733.237500
-106700.687500
-17918.767188
-109338.637500
-113212.250000
-11500.980469
-20359.864063
-96348.806250
-103313.168750
-97948.231250
-99542.075000
-90350.012500
-19102.768750
-90633.850000
-82458.993750
-63336.925000
-9288.846875
-15524.325000
-77788.656250
-17565.081250
-80571.006250
-64103.993750
-80095.768750
-25793.229687
-17556.031250
-68799.018750
-13389.760937
-80547.656250
-69339.712500
-71467.731250
-13453.754688
-76977.418750
-76978.018750
-84620.412500
-85068.650000
-84063.187500
-79733.187500
-40359.512500
-83029.812500
-39868.075000
-81863.537500
-85742.875000
-30653.093750
-78591.343750
-79648.375000
-70596.956250
-12250.672656
-16988.609375
-13325.857813
-12355.164063
-13461.732813
-18225.107812
-16399.028125
-17054.084375
-13139.579688
-13669.134375
-18282.875000
-17029.076562
-19499.185937
-19581.117188
-10983.900781
-28290.981250
-26289.768750
-29498.962500
-22981.976563
-34014.418750
-28310.753125
-11079.050000
-27849.050000
-33681.862500
-55720.487500
-59556.162500
-35580.193750
-47149.600000
-37541.225000
-60221.156250
-60040.043750
-61706.950000
-64828.406250
-56177.912500
-60997.481250
-43732.578125
-30481.387500
-3548.870313
-10035.383594
-21918.171875
-40212.156250
-40746.109375
-45495.478125
-38580.050000
-52562.112500
-48422.993750
-46316.768750
-56556.131250
-23574.382813
-17043.489063
-50790.415625
-75095.906250
-61638.037500
-77402.175000
-77696.087500
-79053.218750
-82945.812500
-79076.643750
-86260.075000
-64768.181250
-58312.618750
-62340.362500
-62335.231250
-66209.000000
-15666.881250
-66656.400000
-87221.450000
-65255.743750
-89259.631250
-68115.593750
-88149.781250
-19573.350000
-84898.712500
-8663.476563
-20312.775000
-78008.156250
-69238.212500
-77362.937500
-21233.112500
-87507.837500
-133004.337500
-28525.731250
-167508.587500
-147909.987500
-38479.343750
-161459.862500
-163595.525000
-169137.800000
-164473.525000
-129359.837500
-114039.200000
-31258.856250
-32262.659375
-22352.504688
-3931.735156
-14155.471875
-37086.906250
-18623.720313
-19312.775000
-2688.030859
-11663.378906
-13113.754688
-12453.699219
-20173.753125
-28837.615625
-168030.900000
-160495.400000
-165687.550000
-13814.825000
-18921.181250
-34929.075000
-148530.375000
-44418.578125
-154051.362500
-25679.720313
-158542.937500
-80567.806250
-143253.600000
-22521.006250
-22851.950000
-7068.686719
-20407.826562
-21230.957813
-23280.273438
-13546.242188
-7650.782031
-12260.079688
-12182.160156
-5526.091797
-1473.285449
-5124.788672
-1790.616602
-6279.664453
-17109.409375
-52347.906250
-58916.000000
-54778.306250
-43867.056250
-5562.596484
-37988.259375
-9814.687500
-32107.918750
-43441.518750
-42433.637500
-47749.846875
-7594.012500
-7208.101563
-31487.675000
-6868.935938
-9882.316406
-16363.909375
-22782.340625
-38023.996875
-23087.378125
-39076.306250
-37503.375000
-31185.750000
-19749.089062
-24563.653125
-17734.431250
-29126.118750
-19789.554688
-17419.789063
-30784.528125
-49334.953125
-24316.643750
-24116.496875
-17346.182812
-61782.225000
-67800.600000
-55956.756250
-62255.281250
-63425.687500
-35736.971875
-73026.287500
-79807.375000
-62162.543750
-24437.171875
-31565.831250
-58501.912500
-32147.965625
-69609.925000
-85303.706250
-95818.737500
-85796.950000
-88563.681250
-103562.237500
-29932.928125
-104384.687500
-13650.746875
-48643.321875
-88751.968750
-28448.609375
-31893.940625
-96360.887500
-106336.375000
-59734.850000
-111994.350000
-59123.662500
-113228.750000
-118797.412500
-19771.421875
-7626.739844
-11301.071875
-14758.975000
-19796.445313
-18742.814063
-28088.037500
-12320.392969
-15517.868750
-19828.601563
-23990.634375
-21336.481250
-38489.559375
-28833.756250
-48683.403125
-41759.821875
-46704.540625
-36746.237500
-16606.840625
-40724.000000
-31983.831250
-31168.956250
-22534.965625
-37461.571875
-43546.659375
-52457.093750
-50483.306250
-59954.718750
-67157.112500
-56435.443750
-16021.364063
-22756.045312
-58256.943750
-45961.150000
-56953.262500
-87784.237500
-75233.181250
-33448.596875
-47978.859375
-10072.232813
-40174.984375
-48489.203125
-45110.084375
-50779.690625
-19710.153125
-44068.756250
-19327.848438
-49411.021875
-44260.615625
-45956.362500
-46133.406250
-17182.359375
-49045.850000
-63621.525000
-64229.750000
-64432.806250
-18464.010937
-18927.504688
-17671.825000
-16317.412500
-22199.909375
-101968.162500
-117106.650000
-106696.975000
-112871.650000
-84706.706250
-41362.065625
-95451.118750
-103348.887500
-90847.381250
-103566.600000
-89127.537500
-81708.387500
-93053.743750
-16630.209375
-16228.806250
-102824.550000
-143310.462500
-113424.487500
-15154.406250
-24381.554688
-115441.987500
-106576.562500
-91091.550000
-107763.575000
-96948.312500
-11082.042969
-16561.746875
-14863.207813
-16972.604687
-20795.568750
-19778.843750
-23412.787500
-30230.790625
-30807.087500
-15185.465625
-22848.750000
-36569.871875
-31796.256250
-31737.750000
-40632.931250
-25604.271875
-30435.128125
-23366.885937
-12044.433594
-16757.485938
-29251.228125
-23764.753125
-23814.923438
-32647.881250
-36657.387500
-30206.093750
-42335.893750
-19178.675000
-28615.253125
-49629.209375
-40409.818750
-24560.012500
-33312.950000
-25932.168750
-22050.057812
-8020.527344
-9086.370312
-4396.764844
-7776.296094
-9569.177344
-10626.748438
-10316.544531
-11920.175000
-12870.544531
-7709.535156
-11637.732031
-5737.247266
-16460.995312
-15864.364063
-15177.507813
-16771.362500
-23804.148438
-26053.018750
-12014.140625
-24232.410938
-45843.834375
-40124.909375
-40472.868750
-35413.475000
-38513.112500
-31827.093750
-39919.478125
-20700.450000
-34592.850000
-41351.931250
-35928.721875
-53073.231250
-10206.464844
-19684.057812
-19188.715625
-94819.250000
-91520.000000
-91892.425000
-101792.150000
-88801.012500
-95157.625000
-98813.250000
-97983.893750
-98067.875000
-53940.187500
-18893.809375
-56639.212500
-99075.443750
-101805.150000
-103521.143750
-126882.150000
-118370.062500
-128472.025000
-31059.350000
-130604.087500
-146891.050000
-148465.225000
-145421.512500
-64669.643750
-62889.156250
-14783.385937
-6917.343750
-13133.451563
-55235.737500
-61128.912500
-59062.937500
-27337.903125
-56877.712500
-27653.025000
-64116.625000
-59595.550000
-61317.912500
-58508.550000
-15381.918750
-4159.238281
-15355.301563
-54779.693750
-17303.296875
-67101.200000
-71643.893750
-68596.100000
-65232.456250
-68895.100000
-67696.712500
-68698.956250
-66126.375000
-13037.818750
-60095.875000
-25043.840625
-110938.012500
-25681.764062
-110291.775000
-78092.425000
-107795.225000
-72303.606250
-134576.375000
-34888.096875
-135510.550000
-136733.650000
-88725.643750
-136311.787500
-82301.062500
-143463.062500
-158426.725000
-145264.300000
-140808.262500
-94503.606250
-138656.025000
-68691.275000
-21012.564063
-63668.468750
-59947.306250
-11783.041406
-74341.962500
-73635.018750
-71193.906250
-70227.587500
-14494.662500
-67498.075000
-55017.050000
-70296.568750
-79185.931250
-71749.781250
-74537.200000
-65870.256250
-17407.542187
-72141.462500
-69481.343750
-74501.231250
-73333.737500
-73803.043750
-73702.268750
-68329.243750
-65357.868750
-15860.998438
-74670.987500
-68825.162500
-32853.381250
-70412.456250
-28403.046875
-72660.600000
-25611.471875
-67461.943750
-33061.425000
-87179.431250
-71503.431250
-30772.078125
-88550.500000
-80737.887500
-83507.675000
-71012.387500
-92307.837500
-70263.168750
-83683.537500
-86488.450000
-15016.021875
-89577.431250
-40297.268750
-80233.537500
-35807.009375
-85735.250000
-35384.618750
-88079.018750
-19468.906250
-94133.025000
-158404.250000
-33416.653125
-176797.575000
-179618.137500
-168357.612500
-27895.215625
-32922.618750
-166950.262500
-35075.962500
-154616.525000
-145302.862500
-130918.900000
-54654.312500
-124461.850000
-50505.606250
-75858.293750
-124962.812500
-52091.084375
-110176.000000
-29462.021875
-121192.350000
-129044.437500
-97943.250000
-147902.425000
-126218.337500
-25170.717187
-147104.100000
-168024.087500
-156897.050000
-95295.637500
-134715.075000
-91138.725000
-146555.150000
-97479.112500
-151351.875000
-94015.531250
-150380.812500
-31674.221875
-43698.678125
-168372.137500
-147858.912500
-19121.745312
-67556.850000
-153800.125000
-157935.937500
-31206.796875
-152876.162500
-39771.037500
-79414.406250
-15571.803125
-60470.775000
-27369.440625
-73465.206250
-64089.868750
-55351.887500
-55560.750000
-12585.678906
-50574.825000
-50761.937500
-54524.687500
-55204.356250
-12839.232813
-58876.406250
-62466.725000
-64872.731250
-108723.100000
-25610.110938
-101520.637500
-21776.537500
-95080.962500
-109951.412500
-115379.300000
-113409.475000
-107053.237500
-18680.403125
-36017.990625
-57261.368750
-9597.691406
-65295.843750
-54695.806250
-59316.162500
-53738.250000
-60912.418750
-53068.368750
-14612.948437
-50524.753125
-6661.298437
-12507.303125
-4058.909766
-6601.297656
-51046.696875
-55862.100000
-96889.750000
-58382.737500
-12384.129688
-55847.737500
-89503.293750
-47019.728125
-91065.743750
-58153.168750
-11133.396875
-107103.887500
-104731.075000
-49070.218750
-96195.756250
-43883.303125
-90482.100000
-13318.182812
-13432.004688
-108051.962500
-98782.125000
-93818.350000
-63552.781250
-88100.687500
-59812.368750
-86288.275000
-59317.381250
-84535.906250
-86309.056250
-93580.743750
-97060.318750
-108809.562500
-91756.718750
-24716.167187
-90872.262500
-87955.668750
-12962.837500
-19309.031250
-26266.903125
-20451.053125
-7658.644531
-20753.096875
-20240.848438
-14211.525000
-112135.125000
-118181.175000
-111466.700000
-68398.056250
-113371.000000
-74079.175000
-105384.025000
-10847.775781
-47058.990625
-105635.162500
-105499.825000
-20039.812500
-99076.312500
-44218.315625
-98936.025000
-45192.728125
-108609.500000
-37309.550000
-97766.268750
-43839.793750
-18231.262500
-97551.687500
-20920.401562
-15753.810938
-89102.825000
-19412.268750
-23549.793750
-110488.225000
-40018.003125
-101119.475000
-45900.987500
-47929.887500
-9196.950000
-36121.790625
-30823.334375
-34723.915625
-37546.225000
-41067.915625
-102237.875000
-42486.512500
-93065.406250
-31772.421875
-91011.787500
-56708.537500
-91859.993750
-43282.750000
-105288.937500
-136794.050000
-114928.737500
-147552.287500
-122041.337500
-109585.525000
-136008.762500
-31094.812500
-160329.562500
-142795.862500
-25433.735938
-139565.437500
-20470.557812
-131958.700000
-22349.651562
-53058.956250
-22005.214062
-61953.562500
-131009.825000
-66937.881250
-138411.012500
-142657.587500
-146329.675000
-137052.737500
-31374.528125
-140552.125000
-59728.018750
-143157.437500
-46459.162500
-6691.619531
-11727.745312
-42032.075000
-58089.600000
-61633.418750
-26038.125000
-57696.212500
-78950.425000
-63971.593750
-25468.565625
-76240.781250
-81108.262500
-56399.250000
-28027.725000
-63001.231250
-62141.656250
-22889.454688
-4058.281641
-20719.398438
-18834.879688
-4280.217188
-18008.560937
-19333.785938
-6161.916016
-23179.175000
-9806.517187
-26540.003125
-3533.747266
-21695.021875
-22348.475000
-22316.673438
-21906.481250
-2344.205859
-7605.989844
-68852.375000
-21023.150000
-7458.286719
-26659.068750
-22196.956250
-23359.731250
-8946.151562
-146012.675000
-144678.550000
-106482.400000
-142083.150000
-23109.168750
-153596.200000
-131169.725000
-142719.812500
-152955.775000
-137731.125000
-24330.784375
-143789.900000
-115518.775000
-166760.087500
-112876.350000
-21768.478125
-154876.687500
-29393.578125
-58898.431250
-164699.825000
-178390.437500
-57030.837500
-138180.150000
-69635.737500
-162944.250000
-172100.850000
maximo valor encontrado 175893
para x:0.389351 y:2.99225
